0 1800401435028307359810888096234211497306021560989098295067809760506940831284 5211453138111206508860193280392155391381552524852309999349635863861400025689 18266984170307096370042918354204445504810895661531778017475484852406726076896 5540898371758519978914258613193828142531205969219899996164094514963922207901
0 12812633846330347217809543073227277643530158010818222081032693053881184302476 11359984015547544508438791381647024462483841240798008967007897894490484464435
0 21806820133286532944984842302282247801546011121156003471498403044374524999684 15793791759048945258929613146395151863426543814744639093280542096825766241875 2798674311385740008110009220344864638398408293133824730114498295321529111056 6441134495143875612512840548455683046117109520000540542408022265258622022045
0 13574810084481894653699029949297229313892138807411145896416878882842598719560 20345856302505078113626933636097300895225189997624502386527556777520067864956 5989341796529190991815704743392723454584197173949847471221175903272532139726 4510226691678163206191601219783253378851684051722515783466814404047699792944
0 375016076819513369639961379751499697239572564583074418536581578701593460285 19374999897176364147831026912842626541852913842981795487951668592462430396044
0 12953418500147960767338075897173112401812710060869797256381361662305002371353 8671169695046621039894736278139958130091553098371869188143840020529204460766 16178411799636646056012784189221466562645547726299480990764462478587371414711 19067120593410364066055742761587818841832416963892405570792458416189319371032
0 14423136689519191245081855121533700103793807552987759231182277539799587472227 4558797979659072371508128710042079414554330215178637008248346591068331991258 11320184659591117063702669246856861778722860304743399501382930357816701350621 1782495812066651748248531956225012901850498977899436939671388475434769349860
0 10306897567705140298554044736906613102527200812403899590075213136260372676696 4844675525266283697285555901279486141565817677023492943197516126279851539518
2
2
0
1
2
0 17987934627309973995583143737832052309829951837769294207589555656332170411652 3477993334891375541233150763451987569553594522166211173179849687584940691541
0 14959971656572282283598247206403060250854944674923596368934968435956858491684 5192836232094039011999260630968614934585989299179799696863555718583063344607


