11
96
3
2
4
2
2
0
0
0
1
1
18469682960619042052812186885072397107185358833374422016191997440034405630408
11268826924651055249603637944109746401615968363116156319339637848667187386451
3993384301017670656397076165604000320970358228899243861513827386197490389144
10928380529087796200090841518423159857011451140418967926505644341585453887541
16701008731680786412140969116174107251167113167628746224451845535707657445077 7318519942133753213141714747072021516211846593411036870539464844466226771612
10987995949775699408531559130911945255470957210296234797592092813768878692791 6643831167310673492540986981907923132525932971452014052949374910392119061734
18469592070143343040793018700417293359510092021393935570817916945684508128916
5424542421701487310422480995832531229945591305434740332617154936045883542779
10281809384430876573620638948940407158352851175892065335835103013623426586197
2765087334839861774956863051908592885955855689497285639411866791064219153326
17529325668273351544329802760818075624636661817608200681636976666370692825662
4417658603828907248795813775955733595736419371434077203792295745995081127300
13510837318337882193958622955932545056544526472575025697743075313879596819713
493151126478561034031556208894474242120769064409421979369247007277495600121
17481827404998730388863719126064155309346398190571379901503846978911775095466
17620954210890973075954508459476126959739057012022824457966107347964432189989
